sensor;fecha;temperatura;tipo_temperatura;day;month;year;hour;minutes;time;total_minutos;diferencia
5077JTJ_2;05/02/2018 0:28;16;FRIO POSITIVO;5;2;2018;0;28;0:28;28;15
5077JTJ_2;05/02/2018 0:43;17;FRIO POSITIVO;5;2;2018;0;43;0:43;43;15
5077JTJ_2;05/02/2018 0:58;17;FRIO POSITIVO;5;2;2018;0;58;0:58;58;15
5077JTJ_2;05/02/2018 1:13;17;FRIO POSITIVO;5;2;2018;1;13;1:13;73;15
5077JTJ_2;05/02/2018 1:26;16;FRIO POSITIVO;5;2;2018;1;26;1:26;86;13
5077JTJ_2;05/02/2018 1:41;16;FRIO POSITIVO;5;2;2018;1;41;1:41;101;15
5077JTJ_2;05/02/2018 1:56;16;FRIO POSITIVO;5;2;2018;1;56;1:56;116;15
5077JTJ_2;05/02/2018 2:11;16;FRIO POSITIVO;5;2;2018;2;11;2:11;131;15
5077JTJ_2;05/02/2018 2:25;16;FRIO POSITIVO;5;2;2018;2;25;2:25;145;14
5077JTJ_2;05/02/2018 2:40;16;FRIO POSITIVO;5;2;2018;2;40;2:40;160;15
5077JTJ_2;05/02/2018 2:55;16;FRIO POSITIVO;5;2;2018;2;55;2:55;175;15
5077JTJ_2;05/02/2018 3:10;16;FRIO POSITIVO;5;2;2018;3;10;3:10;190;15
5077JTJ_2;05/02/2018 3:24;16;FRIO POSITIVO;5;2;2018;3;24;3:24;204;14
5077JTJ_2;05/02/2018 3:39;16;FRIO POSITIVO;5;2;2018;3;39;3:39;219;15
5077JTJ_2;05/02/2018 3:54;16;FRIO POSITIVO;5;2;2018;3;54;3:54;234;15
5077JTJ_2;05/02/2018 4:09;16;FRIO POSITIVO;5;2;2018;4;9;4:09;249;15
5077JTJ_2;05/02/2018 4:23;16;FRIO POSITIVO;5;2;2018;4;23;4:23;263;14
5077JTJ_2;05/02/2018 4:38;16;FRIO POSITIVO;5;2;2018;4;38;4:38;278;15
5077JTJ_2;05/02/2018 4:53;16;FRIO POSITIVO;5;2;2018;4;53;4:53;293;15
5077JTJ_2;05/02/2018 5:08;16;FRIO POSITIVO;5;2;2018;5;8;5:08;308;15
5077JTJ_2;05/02/2018 5:22;16;FRIO POSITIVO;5;2;2018;5;22;5:22;322;14
5077JTJ_2;05/02/2018 5:37;16;FRIO POSITIVO;5;2;2018;5;37;5:37;337;15
5077JTJ_2;05/02/2018 5:52;16;FRIO POSITIVO;5;2;2018;5;52;5:52;352;15
5077JTJ_2;05/02/2018 6:07;16;FRIO POSITIVO;5;2;2018;6;7;6:07;367;15
5077JTJ_2;05/02/2018 6:21;16;FRIO POSITIVO;5;2;2018;6;21;6:21;381;14
5077JTJ_2;05/02/2018 6:36;16;FRIO POSITIVO;5;2;2018;6;36;6:36;396;15
5077JTJ_2;05/02/2018 6:51;16;FRIO POSITIVO;5;2;2018;6;51;6:51;411;15
5077JTJ_2;05/02/2018 7:06;16;FRIO POSITIVO;5;2;2018;7;6;7:06;426;15
5077JTJ_2;05/02/2018 7:20;16;FRIO POSITIVO;5;2;2018;7;20;7:20;440;14
5077JTJ_2;05/02/2018 7:35;16;FRIO POSITIVO;5;2;2018;7;35;7:35;455;15
5077JTJ_2;05/02/2018 7:50;16;FRIO POSITIVO;5;2;2018;7;50;7:50;470;15
5077JTJ_2;05/02/2018 8:05;16;FRIO POSITIVO;5;2;2018;8;5;8:05;485;15
5077JTJ_2;05/02/2018 9:23;21;FRIO POSITIVO;5;2;2018;9;23;9:23;563;78
5077JTJ_2;05/02/2018 9:38;21;FRIO POSITIVO;5;2;2018;9;38;9:38;578;15
5077JTJ_2;05/02/2018 9:53;20;FRIO POSITIVO;5;2;2018;9;53;9:53;593;15
5077JTJ_2;05/02/2018 10:08;20;FRIO POSITIVO;5;2;2018;10;8;10:08;608;15
5077JTJ_2;05/02/2018 10:23;21;FRIO POSITIVO;5;2;2018;10;23;10:23;623;15
5077JTJ_2;05/02/2018 10:38;21;FRIO POSITIVO;5;2;2018;10;38;10:38;638;15
5077JTJ_2;05/02/2018 10:53;21;FRIO POSITIVO;5;2;2018;10;53;10:53;653;15
5077JTJ_2;05/02/2018 11:08;21;FRIO POSITIVO;5;2;2018;11;8;11:08;668;15
5077JTJ_2;05/02/2018 11:23;22;FRIO POSITIVO;5;2;2018;11;23;11:23;683;15
5077JTJ_2;05/02/2018 11:38;22;FRIO POSITIVO;5;2;2018;11;38;11:38;698;15
5077JTJ_2;05/02/2018 11:53;22;FRIO POSITIVO;5;2;2018;11;53;11:53;713;15
5077JTJ_2;05/02/2018 12:08;22;FRIO POSITIVO;5;2;2018;12;8;12:08;728;15
5077JTJ_2;05/02/2018 12:22;22;FRIO POSITIVO;5;2;2018;12;22;12:22;742;14
5077JTJ_2;05/02/2018 12:37;22;FRIO POSITIVO;5;2;2018;12;37;12:37;757;15
5077JTJ_2;05/02/2018 12:52;22;FRIO POSITIVO;5;2;2018;12;52;12:52;772;15
5077JTJ_2;05/02/2018 13:07;22;FRIO POSITIVO;5;2;2018;13;7;13:07;787;15
5077JTJ_2;05/02/2018 13:22;22;FRIO POSITIVO;5;2;2018;13;22;13:22;802;15
5077JTJ_2;05/02/2018 13:37;22;FRIO POSITIVO;5;2;2018;13;37;13:37;817;15
5077JTJ_2;05/02/2018 13:52;22;FRIO POSITIVO;5;2;2018;13;52;13:52;832;15
5077JTJ_2;05/02/2018 14:07;22;FRIO POSITIVO;5;2;2018;14;7;14:07;847;15
5077JTJ_2;05/02/2018 15:20;22;FRIO POSITIVO;5;2;2018;15;20;15:20;920;73
5077JTJ_2;05/02/2018 15:35;22;FRIO POSITIVO;5;2;2018;15;35;15:35;935;15
5077JTJ_2;05/02/2018 15:50;22;FRIO POSITIVO;5;2;2018;15;50;15:50;950;15
5077JTJ_2;05/02/2018 16:05;22;FRIO POSITIVO;5;2;2018;16;5;16:05;965;15
5077JTJ_2;05/02/2018 16:20;22;FRIO POSITIVO;5;2;2018;16;20;16:20;980;15
5077JTJ_2;05/02/2018 16:35;22;FRIO POSITIVO;5;2;2018;16;35;16:35;995;15
5077JTJ_2;05/02/2018 16:50;22;FRIO POSITIVO;5;2;2018;16;50;16:50;1010;15
5077JTJ_2;05/02/2018 17:05;22;FRIO POSITIVO;5;2;2018;17;5;17:05;1025;15
5077JTJ_2;05/02/2018 17:19;21;FRIO POSITIVO;5;2;2018;17;19;17:19;1039;14
5077JTJ_2;05/02/2018 17:34;20;FRIO POSITIVO;5;2;2018;17;34;17:34;1054;15
5077JTJ_2;05/02/2018 17:49;22;FRIO POSITIVO;5;2;2018;17;49;17:49;1069;15
5077JTJ_2;05/02/2018 18:04;22;FRIO POSITIVO;5;2;2018;18;4;18:04;1084;15
5077JTJ_2;05/02/2018 18:19;20;FRIO POSITIVO;5;2;2018;18;19;18:19;1099;15
5077JTJ_2;05/02/2018 18:34;20;FRIO POSITIVO;5;2;2018;18;34;18:34;1114;15
5077JTJ_2;05/02/2018 18:49;20;FRIO POSITIVO;5;2;2018;18;49;18:49;1129;15
5077JTJ_2;05/02/2018 19:04;20;FRIO POSITIVO;5;2;2018;19;4;19:04;1144;15
5077JTJ_2;05/02/2018 19:18;19;FRIO POSITIVO;5;2;2018;19;18;19:18;1158;14
5077JTJ_2;05/02/2018 19:33;20;FRIO POSITIVO;5;2;2018;19;33;19:33;1173;15
5077JTJ_2;05/02/2018 19:48;20;FRIO POSITIVO;5;2;2018;19;48;19:48;1188;15
5077JTJ_2;05/02/2018 20:03;20;FRIO POSITIVO;5;2;2018;20;3;20:03;1203;15
5077JTJ_2;05/02/2018 20:17;19;FRIO POSITIVO;5;2;2018;20;17;20:17;1217;14
5077JTJ_2;05/02/2018 20:32;19;FRIO POSITIVO;5;2;2018;20;32;20:32;1232;15
5077JTJ_2;05/02/2018 20:47;19;FRIO POSITIVO;5;2;2018;20;47;20:47;1247;15
5077JTJ_2;05/02/2018 21:02;19;FRIO POSITIVO;5;2;2018;21;2;21:02;1262;15
5077JTJ_2;05/02/2018 21:17;19;FRIO POSITIVO;5;2;2018;21;17;21:17;1277;15
5077JTJ_2;05/02/2018 21:32;19;FRIO POSITIVO;5;2;2018;21;32;21:32;1292;15
5077JTJ_2;05/02/2018 21:47;19;FRIO POSITIVO;5;2;2018;21;47;21:47;1307;15
5077JTJ_2;05/02/2018 22:02;19;FRIO POSITIVO;5;2;2018;22;2;22:02;1322;15
5077JTJ_2;05/02/2018 22:16;19;FRIO POSITIVO;5;2;2018;22;16;22:16;1336;14
5077JTJ_2;05/02/2018 22:31;19;FRIO POSITIVO;5;2;2018;22;31;22:31;1351;15
5077JTJ_2;05/02/2018 22:46;19;FRIO POSITIVO;5;2;2018;22;46;22:46;1366;15
5077JTJ_2;05/02/2018 23:01;19;FRIO POSITIVO;5;2;2018;23;1;23:01;1381;15
5077JTJ_2;05/02/2018 23:15;19;FRIO POSITIVO;5;2;2018;23;15;23:15;1395;14
5077JTJ_2;05/02/2018 23:30;19;FRIO POSITIVO;5;2;2018;23;30;23:30;1410;15
5077JTJ_2;05/02/2018 23:45;19;FRIO POSITIVO;5;2;2018;23;45;23:45;1425;15
